/*********************************************
 * OPL 12.6.0.0 Data
 * Author: henri
 * Creation Date: 30/03/2019 at 12:04:12
 *********************************************/
//clientes (int) 
nos = 6;

//facilidades (int)
nosf = 2;

//numero de veiculos da frota(int) 
m = 3;

//número máximo de compartimentos
ncp = 4;

//parâmetro auxiliar
M = 99999;

// distancia (ou custo) do arco i,j (int) (km) (rand 1 e 4)
distancia = [															
[	9999	2.818	2.283	2.777	3.556	1.278	3.143	3.200	3.200	0		]
[	9999	9999	3.886	2.898	1.577	1.466	3.270	3.044	3.044	2.818	]
[	9999	3.886	9999	2.014	3.921	1.460	3.050	2.515	2.515	2.283	]
[	9999	2.898	2.014	9999	1.735	3.412	1.655	1.971	1.971	2.777	]
[	9999	1.577	3.921	1.735	9999	1.979	3.362	3.048	3.048	3.556	]
[	9999	1.466	1.460	3.412	1.979	9999	3.899	1.930	1.930	1.278	]
[	9999	3.270	3.050	1.655	3.362	3.899	9999	3.615	3.615	3.143	]
[	9999	3.044	2.515	1.971	3.048	1.930	3.615	9999	9999	3.200	]
[	9999	3.044	2.515	1.971	3.048	1.930	3.615	9999	9999	3.200	]
[	9999	9999	9999	9999	9999	9999	9999	9999	9999	9999	]
			];												

// matriz tempo (h)
t = [
[	9999	0.470	0.381	0.463	0.593	0.213	0.524	0.533	0.533	0		]
[	9999	9999	0.648	0.483	0.263	0.244	0.545	0.507	0.507	0.470	]
[	9999	0.648	9999	0.336	0.654	0.243	0.508	0.419	0.419	0.381	]
[	9999	0.483	0.336	9999	0.289	0.569	0.276	0.329	0.329	0.463	]
[	9999	0.263	0.654	0.289	9999	0.330	0.560	0.508	0.508	0.593	]
[	9999	0.244	0.243	0.569	0.330	9999	0.650	0.322	0.322	0.213	]
[	9999	0.545	0.508	0.276	0.560	0.650	9999	0.603	0.603	0.524	]
[	9999	0.507	0.419	0.329	0.508	0.322	0.603	9999	9999	0.533	]
[	9999	0.507	0.419	0.329	0.508	0.322	0.603	9999	9999	0.533	]
[	9999	9999	9999	9999	9999	9999	9999	9999	9999	9999	]
			];												

// inicio da janela de tempo cliente i (int)
wti = [	0	0	0	0	0	0	0	0	0   0];

// fim da janela de tempo cliente (int)
wtf = [	8	8	8	8	8	8	8	8	8   8];

//tempo médio de operação de uma caixa (h) (0.02h = 1.2min)
ot = 0.02;

// Numero de caixas
N = 20;

// Qual caixa pertence a qual cliente
prop = [
[	1	0	0	0	0	0	1	0	0	0	0	0	1	0	0	0	0	0	1	0	]
[	0	1	1	0	0	0	0	1	0	0	0	0	0	1	0	0	0	0	0	1	]
[	0	0	0	0	0	0	0	0	0	0	0	1	0	0	1	0	0	0	0	0	]
[	0	0	0	1	0	0	0	0	0	1	0	0	0	0	0	1	0	1	0	0	]
[	0	0	0	0	0	0	0	0	1	0	1	0	0	0	0	0	1	0	0	0	]
[	0	0	0	0	1	1	0	0	0	0	0	0	0	0	0	0	0	0	0	0	]
[	0	0	0	0	0	0	0	0	0	0	0	0	0	0	0	0	0	0	0	0	]
[	0	0	0	0	0	0	0	0	0	0	0	0	0	0	0	0	0	0	0	0	]
];
	
vlb	= [ 18.5 3.7 18.0 3.5 4.7 19.4 8.2 16.8 15.6 13.4 12.0 12.0 13.8 6.7 7.3 11.5 9.7 5.4 2.2 3.4];

vlc = [ //(soma dos numeros de caixa do maior cliente)
[ 40 40 40 40 ]
[ 50 0  0  0  ]
[ 50 0  0  0  ]
];

ck = [500 200 200];
cd = [1	  0.4 0.4];
 