/*********************************************
 * OPL 12.6.0.0 Data
 * Author: henri
 * Creation Date: 31/03/2019 at 18:23:35
 *********************************************/
nos = 14;

//facilidades (int)
nosf = 2;

//numero de veiculos da frota(int) 
m = 4;

//número máximo de compartimentos
ncp = 4;

//parâmetro auxiliar
M = 99999;

// distancia (ou custo) do arco i,j (int) (km) (rand 1 e 4)
distancia = [															
[	9999	2.818	2.283	2.777	3.556	1.278	3.143	3.841	1.354	2.018	1.618	1.442	2.658	1.904	3.426	3.200	3.200	0		]
[	9999	9999	3.886	2.898	1.577	1.466	3.270	3.961	1.448	1.112	1.543	3.931	1.953	1.359	3.151	3.044	3.044	2.818	]
[	9999	3.886	9999	2.014	3.921	1.460	3.050	1.059	3.331	2.657	2.256	1.204	3.705	3.066	2.064	2.515	2.515	2.283	]
[	9999	2.898	2.014	9999	1.735	3.412	1.655	3.559	2.401	3.226	2.410	2.137	1.498	1.675	2.861	1.971	1.971	2.777	]
[	9999	1.577	3.921	1.735	9999	1.979	3.362	2.064	1.213	2.026	3.958	2.862	1.033	2.336	1.131	3.048	3.048	3.556	]
[	9999	1.466	1.460	3.412	1.979	9999	3.899	1.213	3.987	2.821	2.102	1.449	1.926	2.007	3.131	1.930	1.930	1.278	]
[	9999	3.270	3.050	1.655	3.362	3.899	9999	2.675	3.480	1.760	2.270	2.165	2.785	1.724	2.288	3.615	3.615	3.143	]
[	9999	3.961	1.059	3.559	2.064	1.213	2.675	9999	3.724	2.733	3.071	3.374	1.803	2.577	3.177	1.784	1.784	3.841	]
[	9999	1.448	3.331	2.401	1.213	3.987	3.480	3.724	9999	2.591	2.831	2.372	3.836	2.462	1.050	3.327	3.327	1.354	]
[	9999	1.112	2.657	3.226	2.026	2.821	1.760	2.733	2.591	9999	2.535	2.562	3.819	2.794	1.502	3.601	3.601	2.018	]
[	9999	1.543	2.256	2.410	3.958	2.102	2.270	3.071	2.831	2.535	9999	3.069	2.782	2.878	1.546	1.290	1.290	1.618	]
[	9999	3.931	1.204	2.137	2.862	1.449	2.165	3.374	2.372	2.562	3.069	9999	2.252	2.764	2.489	1.468	1.468	1.442	]
[	9999	1.953	3.705	1.498	1.033	1.926	2.785	1.803	3.836	3.819	2.782	2.252	9999	1.514	1.602	3.147	3.147	2.658	]
[	9999	1.359	3.066	1.675	2.336	2.007	1.724	2.577	2.462	2.794	2.878	2.764	1.514	9999	1.566	3.378	3.378	1.904	]
[	9999	3.151	2.064	2.861	1.131	3.131	2.288	3.177	1.050	1.502	1.546	2.489	1.602	1.566	9999	3.116	3.116	3.426	]
[	9999	3.044	2.515	1.971	3.048	1.930	3.615	1.784	3.327	3.601	1.290	1.468	3.147	3.378	3.116	9999	9999	3.200	]
[	9999	3.044	2.515	1.971	3.048	1.930	3.615	1.784	3.327	3.601	1.290	1.468	3.147	3.378	3.116	9999	9999	3.200	]
[	9999	9999	9999	9999	9999	9999	9999	9999	9999	9999	9999	9999	9999	9999	9999	9999	9999	9999	]
			];												

// matriz tempo (h)
t = [
[	9999	0.470	0.381	0.463	0.593	0.213	0.524	0.640	0.226	0.336	0.270	0.240	0.443	0.317	0.571	0.533	0.533	0		]
[	9999	9999	0.648	0.483	0.263	0.244	0.545	0.660	0.241	0.185	0.257	0.655	0.326	0.227	0.525	0.507	0.507	0.470	]
[	9999	0.648	9999	0.336	0.654	0.243	0.508	0.177	0.555	0.443	0.376	0.201	0.618	0.511	0.344	0.419	0.419	0.381	]
[	9999	0.483	0.336	9999	0.289	0.569	0.276	0.593	0.400	0.538	0.402	0.356	0.250	0.279	0.477	0.329	0.329	0.463	]
[	9999	0.263	0.654	0.289	9999	0.330	0.560	0.344	0.202	0.338	0.660	0.477	0.172	0.389	0.189	0.508	0.508	0.593	]
[	9999	0.244	0.243	0.569	0.330	9999	0.650	0.202	0.665	0.470	0.350	0.242	0.321	0.335	0.522	0.322	0.322	0.213	]
[	9999	0.545	0.508	0.276	0.560	0.650	9999	0.446	0.580	0.293	0.378	0.361	0.464	0.287	0.381	0.603	0.603	0.524	]
[	9999	0.660	0.177	0.593	0.344	0.202	0.446	9999	0.621	0.456	0.512	0.562	0.301	0.430	0.530	0.297	0.297	0.640	]
[	9999	0.241	0.555	0.400	0.202	0.665	0.580	0.621	9999	0.432	0.472	0.395	0.639	0.410	0.175	0.555	0.555	0.226	]
[	9999	0.185	0.443	0.538	0.338	0.470	0.293	0.456	0.432	9999	0.423	0.427	0.637	0.466	0.250	0.600	0.600	0.336	]
[	9999	0.257	0.376	0.402	0.660	0.350	0.378	0.512	0.472	0.423	9999	0.512	0.464	0.480	0.258	0.215	0.215	0.270	]
[	9999	0.655	0.201	0.356	0.477	0.242	0.361	0.562	0.395	0.427	0.512	9999	0.375	0.461	0.415	0.245	0.245	0.240	]
[	9999	0.326	0.618	0.250	0.172	0.321	0.464	0.301	0.639	0.637	0.464	0.375	9999	0.252	0.267	0.525	0.525	0.443	]
[	9999	0.227	0.511	0.279	0.389	0.335	0.287	0.430	0.410	0.466	0.480	0.461	0.252	9999	0.261	0.563	0.563	0.317	]
[	9999	0.525	0.344	0.477	0.189	0.522	0.381	0.530	0.175	0.250	0.258	0.415	0.267	0.261	9999	0.519	0.519	0.571	]
[	9999	0.507	0.419	0.329	0.508	0.322	0.603	0.297	0.555	0.600	0.215	0.245	0.525	0.563	0.519	9999	9999	0.533	]
[	9999	0.507	0.419	0.329	0.508	0.322	0.603	0.297	0.555	0.600	0.215	0.245	0.525	0.563	0.519	9999	9999	0.533	]
[	9999	9999	9999	9999	9999	9999	9999	9999	9999	9999	9999	9999	9999	9999	9999	9999	9999	9999	]
			];												

// inicio da janela de tempo cliente i (int)
wti = [	0	0	0	0	0	0	0	0	0   0   0	0	0	0	0	0	0   0];

// fim da janela de tempo cliente (int)
wtf = [	8	8	8	8	8	8	8	8	8 	8 	8	8	8	8	8	8	8   8];

//tempo médio de operação de uma caixa (h) (0.02h = 1.2min)
ot = 0.02;

// Numero de caixas
N = 28;

// Qual caixa pertence a qual cliente
prop = [
[	1	0	0	0	0	0	1	0	0	0	0	0	1	0	0	0	0	0	1	0	0	0	0	0	0	0	0	0	]
[	0	1	1	0	0	0	0	1	0	0	0	0	0	1	0	0	0	0	0	1	0	0	0	0	0	0	0	0	]
[	0	0	0	0	0	0	0	0	0	0	0	1	0	0	1	0	0	0	0	0	0	0	0	0	0	0	0	0	]
[	0	0	0	1	0	0	0	0	0	1	0	0	0	0	0	1	0	1	0	0	0	0	0	0	0	0	0	0	]
[	0	0	0	0	0	0	0	0	1	0	1	0	0	0	0	0	1	0	0	0	0	0	0	0	0	0	0	0	]
[	0	0	0	0	1	1	0	0	0	0	0	0	0	0	0	0	0	0	0	0	0	0	0	0	0	0	0	0	]
[	0	0	0	0	0	0	0	0	0	0	0	0	0	0	0	0	0	0	0	0	1	0	0	0	0	0	0	0	]
[	0	0	0	0	0	0	0	0	0	0	0	0	0	0	0	0	0	0	0	0	0	1	0	0	0	0	0	0	]
[	0	0	0	0	0	0	0	0	0	0	0	0	0	0	0	0	0	0	0	0	0	0	0	1	0	0	0	0	]
[	0	0	0	0	0	0	0	0	0	0	0	0	0	0	0	0	0	0	0	0	0	0	1	0	0	0	0	0	]
[	0	0	0	0	0	0	0	0	0	0	0	0	0	0	0	0	0	0	0	0	0	0	0	0	0	0	0	1	]
[	0	0	0	0	0	0	0	0	0	0	0	0	0	0	0	0	0	0	0	0	0	0	0	0	0	1	0	0	]
[	0	0	0	0	0	0	0	0	0	0	0	0	0	0	0	0	0	0	0	0	0	0	0	0	0	0	1	0	]
[	0	0	0	0	0	0	0	0	0	0	0	0	0	0	0	0	0	0	0	0	0	0	0	0	1	0	0	0	]
[	0	0	0	0	0	0	0	0	0	0	0	0	0	0	0	0	0	0	0	0	0	0	0	0	0	0	0	0	]
[	0	0	0	0	0	0	0	0	0	0	0	0	0	0	0	0	0	0	0	0	0	0	0	0	0	0	0	0	]
];
	
vlb	= [ 18.5 3.7 18.0 3.5 4.7 19.4 8.2 16.8 15.6 13.4 12.0 12.0 13.8 6.7 7.3 11.5 9.7 5.4 2.2 3.4 15.5 5.7 12.7 19.5 7.7 4.2 9.3 9.0];

vlc = [ //(soma dos numeros de caixa do maior cliente)
[ 40 40 40 40 ]
[ 40 40 40 40 ]
[ 50 0  0  0  ]
[ 50 0  0  0  ]
];

ck = [500 500 200 200 ];
cd = [1	  1   0.4 0.4 ];
 