/*********************************************
 * OPL 12.6.0.0 Data
 * Author: henri
 * Creation Date: 14/04/2019 at 13:38:25
 *********************************************/
//clientes (int) 
nos = 10;

//facilidades (int)
nosf = 4;

//numero de veiculos da frota(int) 
m = 3;

//número máximo de compartimentos
ncp = 4;

//parâmetro auxiliar
M = 99999;

// distancia (ou custo) do arco i,j (int) (km) (rand 1 e 4)
distancia = [															
[	9999	2.818	2.283	2.777	3.556	1.278	3.143	3.841	1.354	2.018	1.618	3.200	3.200	3.136	3.136	0		]
[	9999	9999	3.886	2.898	1.577	1.466	3.270	3.961	1.448	1.112	1.543	3.044	3.044	2.502	2.502	2.818	]
[	9999	3.886	9999	2.014	3.921	1.460	3.050	1.059	3.331	2.657	2.256	2.515	2.515	2.349	2.349	2.283	]
[	9999	2.898	2.014	9999	1.735	3.412	1.655	3.559	2.401	3.226	2.410	1.971	1.971	2.555	2.555	2.777	]
[	9999	1.577	3.921	1.735	9999	1.979	3.362	2.064	1.213	2.026	3.958	3.048	3.048	1.812	1.812	3.556	]
[	9999	1.466	1.460	3.412	1.979	9999	3.899	1.213	3.987	2.821	2.102	1.930	1.930	2.556	2.556	1.278	]
[	9999	3.270	3.050	1.655	3.362	3.899	9999	2.675	3.480	1.760	2.270	3.615	3.615	1.487	1.487	3.143	]
[	9999	3.961	1.059	3.559	2.064	1.213	2.675	9999	3.724	2.733	3.071	1.784	1.784	1.466	1.466	3.841	]
[	9999	1.448	3.331	2.401	1.213	3.987	3.480	3.724	9999	2.591	2.831	3.327	3.327	2.382	2.382	1.354	]
[	9999	1.112	2.657	3.226	2.026	2.821	1.760	2.733	2.591	9999	2.535	3.601	3.601	1.400	1.400	2.018	]
[	9999	1.543	2.256	2.410	3.958	2.102	2.270	3.071	2.831	2.535	9999	1.290	1.290	3.101	3.101	1.618	]
[	9999	3.044	2.515	1.971	3.048	1.930	3.615	1.784	3.327	3.601	1.290	9999	9999	1.858	1.858	3.200	]
[	9999	3.044	2.515	1.971	3.048	1.930	3.615	1.784	3.327	3.601	1.290	9999	9999	1.858	1.858	3.200	]
[	9999	2.502	2.349	2.555	1.812	2.556	1.487	1.466	2.382	1.400	3.101	1.858	1.858	9999	9999	3.136	]
[	9999	2.502	2.349	2.555	1.812	2.556	1.487	1.466	2.382	1.400	3.101	1.858	1.858	9999	9999	3.136	]
[	9999	9999	9999	9999	9999	9999	9999	9999	9999	9999	9999	9999	9999	9999	9999	9999	]
			];												

// matriz tempo (h)
t = [
[	9999	0.470	0.381	0.463	0.593	0.213	0.524	0.640	0.226	0.336	0.270	0.533	0.533	0.523	0.523	0		]
[	9999	9999	0.648	0.483	0.263	0.244	0.545	0.660	0.241	0.185	0.257	0.507	0.507	0.417	0.417	0.470	]
[	9999	0.648	9999	0.336	0.654	0.243	0.508	0.176	0.555	0.443	0.376	0.419	0.419	0.392	0.392	0.381	]
[	9999	0.483	0.336	9999	0.289	0.569	0.276	0.593	0.400	0.538	0.402	0.329	0.329	0.426	0.426	0.463	]
[	9999	0.263	0.654	0.289	9999	0.330	0.560	0.344	0.202	0.338	0.660	0.508	0.508	0.302	0.302	0.593	]
[	9999	0.244	0.243	0.569	0.330	9999	0.650	0.202	0.664	0.470	0.350	0.322	0.322	0.426	0.426	0.213	]
[	9999	0.545	0.508	0.276	0.560	0.650	9999	0.446	0.580	0.293	0.378	0.603	0.603	0.248	0.248	0.524	]
[	9999	0.660	0.176	0.593	0.344	0.202	0.446	9999	0.621	0.456	0.512	0.297	0.297	0.244	0.244	0.640	]
[	9999	0.241	0.555	0.400	0.202	0.664	0.580	0.621	9999	0.432	0.472	0.554	0.554	0.397	0.397	0.226	]
[	9999	0.185	0.443	0.538	0.338	0.470	0.293	0.456	0.432	9999	0.423	0.600	0.600	0.233	0.233	0.336	]
[	9999	0.257	0.376	0.402	0.660	0.350	0.378	0.512	0.472	0.423	9999	0.215	0.215	0.517	0.517	0.270	]
[	9999	0.507	0.419	0.329	0.508	0.322	0.603	0.297	0.554	0.600	0.215	9999	9999	0.310	0.310	0.533	]
[	9999	0.507	0.419	0.329	0.508	0.322	0.603	0.297	0.554	0.600	0.215	9999	9999	0.310	0.310	0.533	]
[	9999	0.417	0.392	0.426	0.302	0.426	0.248	0.244	0.397	0.233	0.517	0.310	0.310	9999	9999	0.523	]
[	9999	0.417	0.392	0.426	0.302	0.426	0.248	0.244	0.397	0.233	0.517	0.310	0.310	9999	9999	0.523	]
[	9999	9999	9999	9999	9999	9999	9999	9999	9999	9999	9999	9999	9999	9999	9999	9999	]
			];												

// inicio da janela de tempo cliente i (int)
wti = [	0	0	0	0	0	0	0	0	0   0   0	0	0	0	0	0];

// fim da janela de tempo cliente (int)
wtf = [	8	8	8	8	8	8	8	8	8	8	8	8	8	8	8   8];

//tempo médio de operação de uma caixa (h) (0.02h = 1.2min)
ot = 0.02;

// Numero de caixas
N = 24;

// Qual caixa pertence a qual cliente
prop = [
[	1	0	0	0	0	0	1	0	0	0	0	0	1	0	0	0	0	0	1	0	0	0	0	0]
[	0	1	1	0	0	0	0	1	0	0	0	0	0	1	0	0	0	0	0	1	0	0	0	0]
[	0	0	0	0	0	0	0	0	0	0	0	1	0	0	1	0	0	0	0	0	0	0	0	0]
[	0	0	0	1	0	0	0	0	0	1	0	0	0	0	0	1	0	1	0	0	0	0	0	0]
[	0	0	0	0	0	0	0	0	1	0	1	0	0	0	0	0	1	0	0	0	0	0	0	0]
[	0	0	0	0	1	1	0	0	0	0	0	0	0	0	0	0	0	0	0	0	0	0	0	0]
[	0	0	0	0	0	0	0	0	0	0	0	0	0	0	0	0	0	0	0	0	1	0	0	0]
[	0	0	0	0	0	0	0	0	0	0	0	0	0	0	0	0	0	0	0	0	0	1	0	0]
[	0	0	0	0	0	0	0	0	0	0	0	0	0	0	0	0	0	0	0	0	0	0	0	1]
[	0	0	0	0	0	0	0	0	0	0	0	0	0	0	0	0	0	0	0	0	0	0	1	0]
[	0	0	0	0	0	0	0	0	0	0	0	0	0	0	0	0	0	0	0	0	0	0	0	0]
[	0	0	0	0	0	0	0	0	0	0	0	0	0	0	0	0	0	0	0	0	0	0	0	0]
[	0	0	0	0	0	0	0	0	0	0	0	0	0	0	0	0	0	0	0	0	0	0	0	0]
[	0	0	0	0	0	0	0	0	0	0	0	0	0	0	0	0	0	0	0	0	0	0	0	0]
];
	
vlb	= [ 18.5 3.7 18.0 3.5 4.7 19.4 8.2 16.8 15.6 13.4 12.0 12.0 13.8 6.7 7.3 11.5 9.7 5.4 2.2 3.4 15.5 5.7 12.7 19.5];

vlc = [ //(soma dos numeros de caixa do maior cliente)
[ 40 40 40 40 ]
[ 50 0  0  0  ]
[ 50 0  0  0  ]
];

ck = [500 200 200];
cd = [1	  0.4 0.4];
 