/*********************************************
 * OPL 12.6.0.0 Data
 * Author: henri
 * Creation Date: 30/03/2019 at 12:04:12
 *********************************************/
//clientes (int) 
nos = 6;

//facilidades (int)
nosf = 2;

//numero de veiculos da frota(int) 
m = 3;

//numero maximo de compartimentos
ncp = 100;

//parametro auxiliar
M = 99999;

// distancia (ou custo) do arco i,j (int) (km) (rand 1 e 4)
distancia = [															
[	9999	28	31	20	25	34	]
[	28	9999	21	29	26	20	]
[	31	21	9999	38	20	32	]
[	20	29	38	9999	30	27	]
[	25	26	20	30	9999	25	]
[	34	20	32	27	25	9999	]
				];												

// matriz tempo (h)
t = [
[	9999	0.470	0.381	0.463	0.593	0.213	0.524	0.533	0.533	0		]
[	9999	9999	0.648	0.483	0.263	0.244	0.545	0.507	0.507	0.470	]
[	9999	0.648	9999	0.336	0.654	0.243	0.508	0.419	0.419	0.381	]
[	9999	0.483	0.336	9999	0.289	0.569	0.276	0.329	0.329	0.463	]
[	9999	0.263	0.654	0.289	9999	0.330	0.560	0.508	0.508	0.593	]
[	9999	0.244	0.243	0.569	0.330	9999	0.650	0.322	0.322	0.213	]
[	9999	0.545	0.508	0.276	0.560	0.650	9999	0.603	0.603	0.524	]
[	9999	0.507	0.419	0.329	0.508	0.322	0.603	9999	9999	0.533	]
[	9999	0.507	0.419	0.329	0.508	0.322	0.603	9999	9999	0.533	]
[	9999	9999	9999	9999	9999	9999	9999	9999	9999	9999	]
			];												

// inicio da janela de tempo cliente i (int)
wti = [	0	0	0	0	0	0	0	0	0   0];

// fim da janela de tempo cliente (int)
wtf = [	8	8	8	8	8	8	8	8	8   8];

//tempo medio de operacao de uma caixa (h) (0.02h = 1.2min)
ot = 0.02;

// Numero de caixas
N = 20;

// Qual caixa pertence a qual cliente
prop = [
[	0	0	0	0	0	0	0	0	0	0	0	0	0	0	0	0	0	0	0	0	]
[	0	0	0	0	0	0	0	0	0	0	0	0	0	0	0	0	0	0	0	37	]
[	0	0	0	0	0	0	0	0	0	0	0	0	0	0	0	0	0	0	0	35	]
[	0	0	0	0	0	0	0	0	0	0	0	0	0	0	0	0	0	0	0	30	]
[	0	0	0	0	0	0	0	0	0	0	0	0	0	0	0	0	0	0	0	25	]
[	0	0	0	0	0	0	0	0	0	0	0	0	0	0	0	0	0	0	0	32	]
];
	
vlb	= [ 18.5 3.7 18.0 3.5 4.7 19.4 8.2 16.8 15.6 13.4 12.0 12.0 13.8 6.7 7.3 11.5 9.7 5.4 2.2 3.4];

vlc = [ //(soma dos numeros de caixa do maior cliente)
[ 40 40 40 40 ]
[ 50 0  0  0  ]
[ 50 0  0  0  ]
];

ck = [500 200 200];
cd = [1	  0.4 0.4];