/*********************************************
 * OPL 12.6.0.0 Data
 * Author: henri
 * Creation Date: 14/04/2019 at 13:48:17
 *********************************************/
nos = 20;

//facilidades (int)
nosf = 4;

//numero de veiculos da frota(int) 
m = 4;

//número máximo de compartimentos
ncp = 4;

//parâmetro auxiliar
M = 99999;

// distancia (ou custo) do arco i,j (int) (km) (rand 1 e 4)
distancia = [															
[	9999	2.818	2.283	2.777	3.556	1.278	3.143	3.841	1.354	2.018	1.618	1.442	2.658	1.904	3.426	2.175	3.955	1.994	1.594	3.335	1.213	3.200	3.200	3.136	3.136	0		]
[	9999	9999	3.886	2.898	1.577	1.466	3.270	3.961	1.448	1.112	1.543	3.931	1.953	1.359	3.151	2.489	1.652	2.752	2.627	1.634	2.318	3.044	3.044	2.502	2.502	2.818	]
[	9999	3.886	9999	2.014	3.921	1.460	3.050	1.059	3.331	2.657	2.256	1.204	3.705	3.066	2.064	1.758	1.785	1.183	3.685	1.596	1.406	2.515	2.515	2.349	2.349	2.283	]
[	9999	2.898	2.014	9999	1.735	3.412	1.655	3.559	2.401	3.226	2.410	2.137	1.498	1.675	2.861	3.624	3.391	1.094	2.133	1.892	2.237	1.971	1.971	2.555	2.555	2.777	]
[	9999	1.577	3.921	1.735	9999	1.979	3.362	2.064	1.213	2.026	3.958	2.862	1.033	2.336	1.131	1.122	1.061	1.502	2.767	2.991	1.570	3.048	3.048	1.812	1.812	3.556	]
[	9999	1.466	1.460	3.412	1.979	9999	3.899	1.213	3.987	2.821	2.102	1.449	1.926	2.007	3.131	1.089	3.490	2.173	1.877	1.425	3.872	1.930	1.930	2.556	2.556	1.278	]
[	9999	3.270	3.050	1.655	3.362	3.899	9999	2.675	3.480	1.760	2.270	2.165	2.785	1.724	2.288	1.645	3.476	2.233	3.471	2.645	3.144	3.615	3.615	1.487	1.487	3.143	]
[	9999	3.961	1.059	3.559	2.064	1.213	2.675	9999	3.724	2.733	3.071	3.374	1.803	2.577	3.177	1.992	2.208	2.234	3.196	1.005	1.062	1.784	1.784	1.466	1.466	3.841	]
[	9999	1.448	3.331	2.401	1.213	3.987	3.480	3.724	9999	2.591	2.831	2.372	3.836	2.462	1.050	2.674	2.575	3.838	2.343	1.630	1.299	3.327	3.327	2.382	2.382	1.354	]
[	9999	1.112	2.657	3.226	2.026	2.821	1.760	2.733	2.591	9999	2.535	2.562	3.819	2.794	1.502	2.409	1.840	2.970	1.407	3.633	3.140	3.601	3.601	1.400	1.400	2.018	]
[	9999	1.543	2.256	2.410	3.958	2.102	2.270	3.071	2.831	2.535	9999	3.069	2.782	2.878	1.546	2.069	1.814	2.852	3.558	3.587	2.004	1.290	1.290	3.101	3.101	1.618	]
[	9999	3.931	1.204	2.137	2.862	1.449	2.165	3.374	2.372	2.562	3.069	9999	2.252	2.764	2.489	2.700	1.107	3.564	3.928	3.978	3.749	1.468	1.468	3.894	3.894	1.442	]
[	9999	1.953	3.705	1.498	1.033	1.926	2.785	1.803	3.836	3.819	2.782	2.252	9999	1.514	1.602	3.847	1.018	2.919	3.875	1.555	3.910	3.147	3.147	3.509	3.509	2.658	]
[	9999	1.359	3.066	1.675	2.336	2.007	1.724	2.577	2.462	2.794	2.878	2.764	1.514	9999	1.566	3.744	1.674	2.868	3.935	2.716	3.839	3.378	3.378	3.934	3.934	1.904	]
[	9999	3.151	2.064	2.861	1.131	3.131	2.288	3.177	1.050	1.502	1.546	2.489	1.602	1.566	9999	3.141	2.341	3.748	3.897	3.402	1.603	3.116	3.116	3.651	3.651	3.426	]
[	9999	2.489	1.758	3.624	1.122	1.089	1.645	1.992	2.674	2.409	2.069	2.700	3.847	3.744	3.141	9999	3.069	3.760	1.358	2.101	3.030	3.149	3.149	2.661	2.661	2.175	]
[	9999	1.652	1.785	3.391	1.061	3.490	3.476	2.208	2.575	1.840	1.814	1.107	1.018	1.674	2.341	3.069	9999	3.599	1.123	3.373	3.015	1.152	1.152	1.404	1.404	3.955	]
[	9999	2.752	1.183	1.094	1.502	2.173	2.233	2.234	3.838	2.970	2.852	3.564	2.919	2.868	3.748	3.760	3.599	9999	3.193	3.484	3.639	2.925	2.925	3.258	3.258	1.994	]
[	9999	2.627	3.685	2.133	2.767	1.877	3.471	3.196	2.343	1.407	3.558	3.928	3.875	3.935	3.897	1.358	1.123	3.193	9999	1.898	1.873	1.754	1.754	1.262	1.262	1.594	]
[	9999	1.634	1.596	1.892	2.991	1.425	2.645	1.005	1.630	3.633	3.587	3.978	1.555	2.716	3.402	2.101	3.373	3.484	1.898	9999	2.898	3.659	3.659	3.635	3.635	3.335	]
[	9999	2.318	1.406	2.237	1.570	3.872	3.144	1.062	1.299	3.140	2.004	3.749	3.910	3.839	1.603	3.030	3.015	3.639	1.873	2.898	9999	3.969	3.969	2.785	2.785	1.213	]
[	9999	3.200	3.044	2.515	1.971	3.048	1.930	3.615	1.784	3.327	3.601	1.290	1.468	3.147	3.378	3.116	3.149	1.152	2.925	1.754	3.659	9999	9999	1.858	1.858	3.200	]
[	9999	3.200	3.044	2.515	1.971	3.048	1.930	3.615	1.784	3.327	3.601	1.290	1.468	3.147	3.378	3.116	3.149	1.152	2.925	1.754	3.659	9999	9999	1.858	1.858	3.200	]
[	9999	2.502	2.349	2.555	1.812	2.556	1.487	1.466	2.382	1.400	3.101	3.894	3.509	3.934	3.651	2.661	1.404	3.258	1.262	3.635	2.785	1.858	1.858	9999	9999	3.136	]
[	9999	2.502	2.349	2.555	1.812	2.556	1.487	1.466	2.382	1.400	3.101	3.894	3.509	3.934	3.651	2.661	1.404	3.258	1.262	3.635	2.785	1.858	1.858	9999	9999	3.136	]
[	9999	9999	9999	9999	9999	9999	9999	9999	9999	9999	9999	9999	9999	9999	9999	9999	9999	9999	9999	9999	9999	9999	9999	9999	9999	9999	]
			];												

// matriz tempo (h)
t = [
[	9999	0.470	0.381	0.463	0.593	0.213	0.524	0.640	0.226	0.336	0.270	0.240	0.443	0.317	0.571	0.363	0.659	0.332	0.266	0.556	0.202	0.533	0.533	0.523	0.523	0		]
[	9999	9999	0.648	0.483	0.263	0.244	0.545	0.660	0.241	0.185	0.257	0.655	0.326	0.226	0.525	0.415	0.275	0.459	0.438	0.272	0.386	0.507	0.507	0.417	0.417	0.470	]
[	9999	0.648	9999	0.336	0.654	0.243	0.508	0.176	0.555	0.443	0.376	0.201	0.617	0.511	0.344	0.293	0.298	0.197	0.614	0.266	0.234	0.419	0.419	0.392	0.392	0.381	]
[	9999	0.483	0.336	9999	0.289	0.569	0.276	0.593	0.400	0.538	0.402	0.356	0.250	0.279	0.477	0.604	0.565	0.182	0.356	0.315	0.373	0.329	0.329	0.426	0.426	0.463	]
[	9999	0.263	0.654	0.289	9999	0.330	0.560	0.344	0.202	0.338	0.660	0.477	0.172	0.389	0.189	0.187	0.177	0.250	0.461	0.499	0.262	0.508	0.508	0.302	0.302	0.593	]
[	9999	0.244	0.243	0.569	0.330	9999	0.650	0.202	0.664	0.470	0.350	0.242	0.321	0.334	0.522	0.182	0.582	0.362	0.313	0.237	0.645	0.322	0.322	0.426	0.426	0.213	]
[	9999	0.545	0.508	0.276	0.560	0.650	9999	0.446	0.580	0.293	0.378	0.361	0.464	0.287	0.381	0.274	0.579	0.372	0.578	0.441	0.524	0.603	0.603	0.248	0.248	0.524	]
[	9999	0.660	0.176	0.593	0.344	0.202	0.446	9999	0.621	0.456	0.512	0.562	0.301	0.429	0.530	0.332	0.368	0.372	0.533	0.167	0.177	0.297	0.297	0.244	0.244	0.640	]
[	9999	0.241	0.555	0.400	0.202	0.664	0.580	0.621	9999	0.432	0.472	0.395	0.639	0.410	0.175	0.446	0.429	0.640	0.390	0.272	0.216	0.554	0.554	0.397	0.397	0.226	]
[	9999	0.185	0.443	0.538	0.338	0.470	0.293	0.456	0.432	9999	0.423	0.427	0.637	0.466	0.250	0.401	0.307	0.495	0.235	0.606	0.523	0.600	0.600	0.233	0.233	0.336	]
[	9999	0.257	0.376	0.402	0.660	0.350	0.378	0.512	0.472	0.423	9999	0.512	0.464	0.480	0.258	0.345	0.302	0.475	0.593	0.598	0.334	0.215	0.215	0.517	0.517	0.270	]
[	9999	0.655	0.201	0.356	0.477	0.242	0.361	0.562	0.395	0.427	0.512	9999	0.375	0.461	0.415	0.450	0.185	0.594	0.655	0.663	0.625	0.245	0.245	0.649	0.649	0.240	]
[	9999	0.326	0.617	0.250	0.172	0.321	0.464	0.301	0.639	0.637	0.464	0.375	9999	0.252	0.267	0.641	0.170	0.487	0.646	0.259	0.652	0.525	0.525	0.585	0.585	0.443	]
[	9999	0.226	0.511	0.279	0.389	0.334	0.287	0.429	0.410	0.466	0.480	0.461	0.252	9999	0.261	0.624	0.279	0.478	0.656	0.453	0.640	0.563	0.563	0.656	0.656	0.317	]
[	9999	0.525	0.344	0.477	0.189	0.522	0.381	0.530	0.175	0.250	0.258	0.415	0.267	0.261	9999	0.524	0.390	0.625	0.650	0.567	0.267	0.519	0.519	0.609	0.609	0.571	]
[	9999	0.415	0.293	0.604	0.187	0.182	0.274	0.332	0.446	0.401	0.345	0.450	0.641	0.624	0.524	9999	0.512	0.627	0.226	0.350	0.505	0.525	0.525	0.443	0.443	0.363	]
[	9999	0.275	0.298	0.565	0.177	0.582	0.579	0.368	0.429	0.307	0.302	0.185	0.170	0.279	0.390	0.512	9999	0.600	0.187	0.562	0.502	0.192	0.192	0.234	0.234	0.659	]
[	9999	0.459	0.197	0.182	0.250	0.362	0.372	0.372	0.640	0.495	0.475	0.594	0.487	0.478	0.625	0.627	0.600	9999	0.532	0.581	0.606	0.488	0.488	0.543	0.543	0.332	]
[	9999	0.438	0.614	0.356	0.461	0.313	0.578	0.533	0.390	0.235	0.593	0.655	0.646	0.656	0.650	0.226	0.187	0.532	9999	0.316	0.312	0.292	0.292	0.210	0.210	0.266	]
[	9999	0.272	0.266	0.315	0.499	0.237	0.441	0.167	0.272	0.606	0.598	0.663	0.259	0.453	0.567	0.350	0.562	0.581	0.316	9999	0.483	0.610	0.610	0.606	0.606	0.556	]
[	9999	0.386	0.234	0.373	0.262	0.645	0.524	0.177	0.216	0.523	0.334	0.625	0.652	0.640	0.267	0.505	0.502	0.606	0.312	0.483	9999	0.662	0.662	0.464	0.464	0.202	]
[	9999	0.533	0.507	0.419	0.329	0.508	0.322	0.603	0.297	0.554	0.600	0.215	0.245	0.525	0.563	0.519	0.525	0.192	0.488	0.292	0.610	9999	9999	0.310	0.310	0.533	]
[	9999	0.533	0.507	0.419	0.329	0.508	0.322	0.603	0.297	0.554	0.600	0.215	0.245	0.525	0.563	0.519	0.525	0.192	0.488	0.292	0.610	9999	9999	0.310	0.310	0.533	]
[	9999	0.417	0.392	0.426	0.302	0.426	0.248	0.244	0.397	0.233	0.517	0.649	0.585	0.656	0.609	0.443	0.234	0.543	0.210	0.606	0.464	0.310	0.310	9999	9999	0.523	]
[	9999	0.417	0.392	0.426	0.302	0.426	0.248	0.244	0.397	0.233	0.517	0.649	0.585	0.656	0.609	0.443	0.234	0.543	0.210	0.606	0.464	0.310	0.310	9999	9999	0.523	]
[	9999	9999	9999	9999	9999	9999	9999	9999	9999	9999	9999	9999	9999	9999	9999	9999	9999	9999	9999	9999	9999	9999	9999	9999	9999	9999	]
			];												

// inicio da janela de tempo cliente i (int)
wti = [	0	0	0	0	0	0	0	0	0   0   0	0	0	0	0	0	0	0	0	0	0	0	0	0	0   0];

// fim da janela de tempo cliente (int)
wtf = [	8	8	8	8	8	8	8	8	8 	8	8	8	8	8	8	8	8   8	8	8	8	8	8	8	8	8];

//tempo médio de operação de uma caixa (h) (0.02h = 1.2min)
ot = 0.02;

// Numero de caixas
N = 34;

// Qual caixa pertence a qual cliente
prop = [
[	1	0	0	0	0	0	1	0	0	0	0	0	1	0	0	0	0	0	1	0	0	0	0	0	0	0	0	0	0	0	0	0	0	0	]
[	0	1	1	0	0	0	0	1	0	0	0	0	0	1	0	0	0	0	0	1	0	0	0	0	0	0	0	0	0   0   0   0   0   0   ]     
[	0	0	0	0	0	0	0	0	0	0	0	1	0	0	1	0	0	0	0	0	0	0	0	0	0	0	0	0	0   0   0   0   0   0   ]     
[	0	0	0	1	0	0	0	0	0	1	0	0	0	0	0	1	0	1	0	0	0	0	0	0	0	0	0	0	0   0   0   0   0   0   ]     
[	0	0	0	0	0	0	0	0	1	0	1	0	0	0	0	0	1	0	0	0	0	0	0	0	0	0	0	0	0   0   0   0   0   0   ]     
[	0	0	0	0	1	1	0	0	0	0	0	0	0	0	0	0	0	0	0	0	0	0	0	0	0	0	0	0	0   0   0   0   0   0   ]     
[	0	0	0	0	0	0	0	0	0	0	0	0	0	0	0	0	0	0	0	0	1	0	0	0	0	0	0	0	0   0   0   0   0   0   ]     
[	0	0	0	0	0	0	0	0	0	0	0	0	0	0	0	0	0	0	0	0	0	1	0	0	0	0	0	0	0   0   0   0   0   0   ]     
[	0	0	0	0	0	0	0	0	0	0	0	0	0	0	0	0	0	0	0	0	0	0	0	1	0	0	0	0	0   0   0   0   0   0   ]     
[	0	0	0	0	0	0	0	0	0	0	0	0	0	0	0	0	0	0	0	0	0	0	1	0	0	0	0	0	0   0   0   0   0   0   ]     
[	0	0	0	0	0	0	0	0	0	0	0	0	0	0	0	0	0	0	0	0	0	0	0	0	0	0	0	1	0   0   0   0   0   0   ]     
[	0	0	0	0	0	0	0	0	0	0	0	0	0	0	0	0	0	0	0	0	0	0	0	0	0	1	0	0	0   0   0   0   0   0   ]     
[	0	0	0	0	0	0	0	0	0	0	0	0	0	0	0	0	0	0	0	0	0	0	0	0	0	0	1	0	0   0   0   0   0   0   ]     
[	0	0	0	0	0	0	0	0	0	0	0	0	0	0	0	0	0	0	0	0	0	0	0	0	1	0	0	0	0   0   0   0   0   0   ]
[	0	0	0	0	0	0	0	0	0	0	0	0	0	0	0	0	0	0	0	0	0	0	0	0	0	0	0	0	1   0   0   0   0   0   ]     
[	0	0	0	0	0	0	0	0	0	0	0	0	0	0	0	0	0	0	0	0	0	0	0	0	0	0	0	0	0   0   1   0   0   0   ]     
[	0	0	0	0	0	0	0	0	0	0	0	0	0	0	0	0	0	0	0	0	0	0	0	0	0	0	0	0	0   1   0   0   0   0   ]     
[	0	0	0	0	0	0	0	0	0	0	0	0	0	0	0	0	0	0	0	0	0	0	0	0	0	0	0	0	0   0   0   0   1   0   ]
[	0	0	0	0	0	0	0	0	0	0	0	0	0	0	0	0	0	0	0	0	0	0	0	0	0	0	0	0	0   0   0   0   0   1   ]     
[	0	0	0	0	0	0	0	0	0	0	0	0	0	0	0	0	0	0	0	0	0	0	0	0	0	0	0	0	0   0   0   1   0   0   ]
[	0	0	0	0	0	0	0	0	0	0	0	0	0	0	0	0	0	0	0	0	0	0	0	0	0	0	0	0	0   0   0   0   0   0   ]     
[	0	0	0	0	0	0	0	0	0	0	0	0	0	0	0	0	0	0	0	0	0	0	0	0	0	0	0	0	0   0   0   0   0   0   ]     
[	0	0	0	0	0	0	0	0	0	0	0	0	0	0	0	0	0	0	0	0	0	0	0	0	0	0	0	0	0   0   0   0   0   0   ]     
[	0	0	0	0	0	0	0	0	0	0	0	0	0	0	0	0	0	0	0	0	0	0	0	0	0	0	0	0	0   0   0   0   0   0   ]     
];
	
vlb	= [ 18.5 3.7 18.0 3.5 4.7 19.4 8.2 16.8 15.6 13.4 12.0 12.0 13.8 6.7 7.3 11.5 9.7 5.4 2.2 3.4 15.5 5.7 12.7 19.5 7.7 4.2 9.3 9.0 15.6 0.6 7.4 0.5 0.2 7.7];

vlc = [ //(soma dos numeros de caixa do maior cliente)
[ 40 40 40 40 ]
[ 40 40 40 40 ]
[ 50 0  0  0  ]
[ 50 0  0  0  ]
];

ck = [500 500 200 200 ];
cd = [1	  1   0.4 0.4 ];